Wavelength (nm) - Plot 0	Amplitude (cts) - Plot 0	
727.074	1008	
727.103	1000	
727.133	1004	
727.163	996	
727.193	996	
727.223	1002	
727.253	998	
727.282	996	
727.312	1000	
727.342	998	
727.372	1004	
727.402	998	
727.432	1004	
727.461	1000	
727.491	1000	
727.521	1004	
727.551	1000	
727.581	1000	
727.61	1004	
727.64	1000	
727.67	1002	
727.7	996	
727.73	1000	
727.759	1002	
727.789	1006	
727.819	1002	
727.849	1002	
727.879	998	
727.908	1002	
727.938	1002	
727.968	1006	
727.998	1000	
728.028	1002	
728.057	1004	
728.087	1000	
728.117	1002	
728.147	1002	
728.177	1006	
728.206	1006	
728.236	1006	
728.266	1004	
728.296	1004	
728.326	1004	
728.355	1004	
728.385	1000	
728.415	1006	
728.445	1008	
728.474	1006	
728.504	1008	
728.534	1004	
728.564	1004	
728.594	1002	
728.623	1002	
728.653	1002	
728.683	1006	
728.713	1006	
728.742	1008	
728.772	1010	
728.802	1000	
728.832	1002	
728.861	1002	
728.891	1010	
728.921	1004	
728.951	1006	
728.981	1008	
729.01	1000	
729.04	1006	
729.07	1002	
729.1	1002	
729.129	1006	
729.159	1008	
729.189	1006	
729.219	1006	
729.248	1006	
729.278	1006	
729.308	1006	
729.338	1008	
729.367	1012	
729.397	1006	
729.427	1010	
729.457	1000	
729.486	1006	
729.516	1004	
729.546	1002	
729.576	1010	
729.605	1006	
729.635	1004	
729.665	1004	
729.694	1008	
729.724	1008	
729.754	1004	
729.784	1004	
729.813	1004	
729.843	1004	
729.873	1006	
729.903	1012	
729.932	1004	
729.962	1006	
729.992	1002	
730.021	1000	
730.051	1010	
730.081	1010	
730.111	1004	
730.14	1008	
730.17	1008	
730.2	1012	
730.23	1004	
730.259	1010	
730.289	1008	
730.319	1010	
730.348	1012	
730.378	1004	
730.408	1010	
730.437	1012	
730.467	1012	
730.497	1012	
730.527	1008	
730.556	1014	
730.586	1012	
730.616	1006	
730.645	1012	
730.675	1010	
730.705	1010	
730.735	1016	
730.764	1016	
730.794	1010	
730.824	1012	
730.853	1010	
730.883	1014	
730.913	1012	
730.942	1012	
730.972	1012	
731.002	1010	
731.031	1006	
731.061	1014	
731.091	1008	
731.12	1020	
731.15	1006	
731.18	1014	
731.21	1016	
731.239	1018	
731.269	1008	
731.299	1012	
731.328	1012	
731.358	1012	
731.388	1014	
731.417	1012	
731.447	1012	
731.477	1016	
731.506	1014	
731.536	1018	
731.566	1018	
731.595	1012	
731.625	1016	
731.655	1016	
731.684	1022	
731.714	1018	
731.744	1014	
731.773	1006	
731.803	1018	
731.833	1014	
731.862	1016	
731.892	1012	
731.921	1014	
731.951	1024	
731.981	1012	
732.01	1020	
732.04	1016	
732.07	1018	
732.099	1020	
732.129	1012	
732.159	1020	
732.188	1016	
732.218	1018	
732.248	1018	
732.277	1020	
732.307	1018	
732.337	1026	
732.366	1024	
732.396	1024	
732.425	1024	
732.455	1018	
732.485	1016	
732.514	1020	
732.544	1016	
732.574	1020	
732.603	1018	
732.633	1020	
732.662	1018	
732.692	1024	
732.722	1018	
732.751	1020	
732.781	1026	
732.811	1022	
732.84	1026	
732.87	1028	
732.899	1020	
732.929	1028	
732.959	1026	
732.988	1028	
733.018	1022	
733.047	1018	
733.077	1034	
733.107	1020	
733.136	1024	
733.166	1032	
733.196	1030	
733.225	1032	
733.255	1026	
733.284	1026	
733.314	1020	
733.344	1032	
733.373	1032	
733.403	1034	
733.432	1030	
733.462	1030	
733.492	1030	
733.521	1028	
733.551	1034	
733.58	1034	
733.61	1032	
733.639	1032	
733.669	1040	
733.699	1034	
733.728	1040	
733.758	1038	
733.787	1034	
733.817	1046	
733.847	1038	
733.876	1034	
733.906	1038	
733.935	1042	
733.965	1048	
733.994	1040	
734.024	1038	
734.054	1046	
734.083	1040	
734.113	1032	
734.142	1038	
734.172	1048	
734.201	1042	
734.231	1060	
734.261	1044	
734.29	1052	
734.32	1054	
734.349	1046	
734.379	1052	
734.408	1054	
734.438	1046	
734.468	1050	
734.497	1058	
734.527	1048	
734.556	1058	
734.586	1060	
734.615	1050	
734.645	1046	
734.674	1058	
734.704	1066	
734.733	1062	
734.763	1058	
734.793	1062	
734.822	1056	
734.852	1070	
734.881	1060	
734.911	1056	
734.94	1066	
734.97	1064	
734.999	1062	
735.029	1062	
735.058	1064	
735.088	1070	
735.118	1068	
735.147	1068	
735.177	1074	
735.206	1068	
735.236	1066	
735.265	1070	
735.295	1066	
735.324	1072	
735.354	1076	
735.383	1078	
735.413	1078	
735.442	1086	
735.472	1084	
735.501	1082	
735.531	1080	
735.56	1072	
735.59	1086	
735.619	1090	
735.649	1088	
735.678	1088	
735.708	1098	
735.737	1092	
735.767	1096	
735.796	1082	
735.826	1090	
735.855	1094	
735.885	1092	
735.914	1082	
735.944	1090	
735.973	1102	
736.003	1102	
736.032	1100	
736.062	1096	
736.091	1096	
736.121	1104	
736.15	1108	
736.18	1108	
736.209	1102	
736.239	1100	
736.268	1100	
736.298	1102	
736.327	1112	
736.357	1104	
736.386	1112	
736.416	1100	
736.445	1110	
736.475	1104	
736.504	1116	
736.534	1122	
736.563	1124	
736.593	1122	
736.622	1110	
736.652	1122	
736.681	1130	
736.711	1122	
736.74	1132	
736.77	1130	
736.799	1128	
736.829	1128	
736.858	1126	
736.887	1134	
736.917	1132	
736.946	1134	
736.976	1134	
737.005	1138	
737.035	1136	
737.064	1142	
737.094	1146	
737.123	1146	
737.153	1136	
737.182	1144	
737.212	1148	
737.241	1150	
737.27	1150	
737.3	1160	
737.329	1168	
737.359	1144	
737.388	1156	
737.418	1154	
737.447	1148	
737.477	1164	
737.506	1160	
737.535	1150	
737.565	1172	
737.594	1164	
737.624	1156	
737.653	1164	
737.683	1168	
737.712	1176	
737.741	1176	
737.771	1190	
737.8	1180	
737.83	1186	
737.859	1188	
737.889	1186	
737.918	1182	
737.947	1194	
737.977	1184	
738.006	1196	
738.036	1198	
738.065	1190	
738.095	1192	
738.124	1194	
738.153	1200	
738.183	1200	
738.212	1208	
738.242	1194	
738.271	1216	
738.301	1208	
738.33	1218	
738.359	1204	
738.389	1212	
738.418	1220	
738.448	1220	
738.477	1210	
738.506	1210	
738.536	1220	
738.565	1224	
738.595	1230	
738.624	1228	
738.653	1250	
738.683	1236	
738.712	1248	
738.742	1240	
738.771	1242	
738.8	1242	
738.83	1242	
738.859	1246	
738.889	1246	
738.918	1242	
738.947	1258	
738.977	1252	
739.006	1250	
739.035	1246	
739.065	1252	
739.094	1270	
739.124	1266	
739.153	1270	
739.182	1264	
739.212	1262	
739.241	1272	
739.27	1280	
739.3	1284	
739.329	1278	
739.359	1262	
739.388	1302	
739.417	1286	
739.447	1294	
739.476	1298	
739.505	1278	
739.535	1310	
739.564	1288	
739.594	1290	
739.623	1302	
739.652	1300	
739.682	1304	
739.711	1300	
739.74	1286	
739.77	1300	
739.799	1318	
739.828	1314	
739.858	1316	
739.887	1332	
739.916	1332	
739.946	1334	
739.975	1308	
740.004	1318	
740.034	1330	
740.063	1328	
740.092	1330	
740.122	1324	
740.151	1342	
740.181	1346	
740.21	1332	
740.239	1332	
740.269	1352	
740.298	1344	
740.327	1340	
740.357	1332	
740.386	1332	
740.415	1356	
740.445	1340	
740.474	1354	
740.503	1370	
740.532	1364	
740.562	1362	
740.591	1362	
740.62	1368	
740.65	1366	
740.679	1362	
740.708	1380	
740.738	1382	
740.767	1386	
740.796	1378	
740.826	1378	
740.855	1376	
740.884	1380	
740.914	1376	
740.943	1402	
740.972	1390	
741.002	1384	
741.031	1396	
741.06	1370	
741.089	1398	
741.119	1394	
741.148	1398	
741.177	1388	
741.207	1392	
741.236	1410	
741.265	1380	
741.295	1386	
741.324	1400	
741.353	1412	
741.382	1406	
741.412	1398	
741.441	1398	
741.47	1422	
741.5	1426	
741.529	1410	
741.558	1418	
741.587	1416	
741.617	1418	
741.646	1416	
741.675	1426	
741.705	1410	
741.734	1434	
741.763	1448	
741.792	1422	
741.822	1430	
741.851	1432	
741.88	1444	
741.91	1444	
741.939	1452	
741.968	1456	
741.997	1436	
742.027	1438	
742.056	1460	
742.085	1454	
742.114	1470	
742.144	1480	
742.173	1472	
742.202	1474	
742.231	1464	
742.261	1488	
742.29	1482	
742.319	1484	
742.348	1500	
742.378	1514	
742.407	1482	
742.436	1504	
742.465	1500	
742.495	1504	
742.524	1526	
742.553	1530	
742.582	1534	
742.612	1546	
742.641	1552	
742.67	1564	
742.699	1548	
742.729	1558	
742.758	1560	
742.787	1590	
742.816	1596	
742.846	1614	
742.875	1592	
742.904	1610	
742.933	1612	
742.963	1614	
742.992	1648	
743.021	1650	
743.05	1660	
743.079	1650	
743.109	1692	
743.138	1686	
743.167	1714	
743.196	1710	
743.226	1734	
743.255	1736	
743.284	1776	
743.313	1780	
743.342	1788	
743.372	1788	
743.401	1818	
743.43	1822	
743.459	1828	
743.488	1866	
743.518	1868	
743.547	1920	
743.576	1904	
743.605	1916	
743.634	1920	
743.664	1958	
743.693	2014	
743.722	2010	
743.751	2018	
743.78	2050	
743.81	2030	
743.839	2086	
743.868	2096	
743.897	2150	
743.926	2140	
743.956	2172	
743.985	2212	
744.014	2232	
744.043	2262	
744.072	2292	
744.102	2292	
744.131	2350	
744.16	2374	
744.189	2384	
744.218	2454	
744.247	2464	
744.277	2520	
744.306	2526	
744.335	2526	
744.364	2592	
744.393	2600	
744.423	2686	
744.452	2696	
744.481	2714	
744.51	2750	
744.539	2832	
744.568	2832	
744.598	2852	
744.627	2922	
744.656	2966	
744.685	3002	
744.714	3032	
744.743	3044	
744.773	3084	
744.802	3136	
744.831	3214	
744.86	3218	
744.889	3236	
744.918	3334	
744.947	3318	
744.977	3338	
745.006	3440	
745.035	3486	
745.064	3548	
745.093	3564	
745.122	3596	
745.151	3716	
745.181	3784	
745.21	3790	
745.239	3826	
745.268	3906	
745.297	3962	
745.326	3954	
745.355	4030	
745.385	4084	
745.414	4152	
745.443	4190	
745.472	4258	
745.501	4332	
745.53	4366	
745.559	4450	
745.588	4446	
745.618	4562	
745.647	4602	
745.676	4728	
745.705	4706	
745.734	4798	
745.763	4818	
745.792	4930	
745.821	4950	
745.851	4960	
745.88	5090	
745.909	5174	
745.938	5218	
745.967	5260	
745.996	5384	
746.025	5408	
746.054	5492	
746.083	5578	
746.113	5572	
746.142	5642	
746.171	5726	
746.2	5774	
746.229	5834	
746.258	5934	
746.287	5984	
746.316	6080	
746.345	6168	
746.374	6162	
746.403	6244	
746.433	6360	
746.462	6418	
746.491	6518	
746.52	6600	
746.549	6644	
746.578	6800	
746.607	6810	
746.636	6848	
746.665	7032	
746.694	7018	
746.723	7140	
746.753	7168	
746.782	7318	
746.811	7340	
746.84	7424	
746.869	7480	
746.898	7578	
746.927	7654	
746.956	7786	
746.985	7824	
747.014	7876	
747.043	7992	
747.072	8114	
747.101	8106	
747.13	8256	
747.159	8318	
747.189	8390	
747.218	8390	
747.247	8550	
747.276	8672	
747.305	8762	
747.334	8804	
747.363	8924	
747.392	9040	
747.421	9144	
747.45	9186	
747.479	9228	
747.508	9404	
747.537	9604	
747.566	9532	
747.595	9692	
747.624	9686	
747.653	9832	
747.682	9928	
747.711	10028	
747.74	10154	
747.77	10174	
747.799	10362	
747.828	10388	
747.857	10442	
747.886	10622	
747.915	10644	
747.944	10706	
747.973	10872	
748.002	10880	
748.031	11068	
748.06	11102	
748.089	11304	
748.118	11248	
748.147	11444	
748.176	11536	
748.205	11576	
748.234	11656	
748.263	11726	
748.292	11838	
748.321	11804	
748.35	11968	
748.379	11978	
748.408	12162	
748.437	12296	
748.466	12284	
748.495	12460	
748.524	12498	
748.553	12556	
748.582	12592	
748.611	12796	
748.64	12808	
748.669	12870	
748.698	12918	
748.727	13082	
748.756	13214	
748.785	13122	
748.814	13396	
748.843	13194	
748.872	13368	
748.901	13490	
748.93	13568	
748.959	13656	
748.988	13830	
749.017	14026	
749.046	13960	
749.075	13954	
749.104	14046	
749.133	14308	
749.162	14368	
749.191	14442	
749.22	14418	
749.249	14416	
749.278	14546	
749.307	14506	
749.336	14616	
749.365	14758	
749.394	14734	
749.423	14946	
749.452	14876	
749.481	14974	
749.51	15130	
749.539	15074	
749.568	15124	
749.596	15232	
749.625	15198	
749.654	15296	
749.683	15306	
749.712	15482	
749.741	15408	
749.77	15394	
749.799	15586	
749.828	15640	
749.857	15524	
749.886	15716	
749.915	15856	
749.944	15782	
749.973	15788	
750.002	16116	
750.031	15980	
750.06	16018	
750.089	16128	
750.118	16236	
750.147	16290	
750.175	16394	
750.204	16430	
750.233	16428	
750.262	16416	
750.291	16534	
750.32	16428	
750.349	16480	
750.378	16666	
750.407	16516	
750.436	16512	
750.465	16748	
750.494	16704	
750.523	16740	
750.552	16964	
750.58	16868	
750.609	16788	
750.638	16890	
750.667	16850	
750.696	16906	
750.725	16992	
750.754	17174	
750.783	16962	
750.812	16994	
750.841	17144	
750.87	17132	
750.899	17174	
750.927	17246	
750.956	17164	
750.985	17260	
751.014	17318	
751.043	16970	
751.072	17186	
751.101	17224	
751.13	17230	
751.159	17118	
751.188	17246	
751.216	17320	
751.245	17182	
751.274	17224	
751.303	17024	
751.332	17328	
751.361	17250	
751.39	17118	
751.419	17178	
751.448	17056	
751.476	17126	
751.505	17072	
751.534	17034	
751.563	17170	
751.592	17310	
751.621	17286	
751.65	17120	
751.679	17298	
751.708	17044	
751.736	17112	
751.765	17184	
751.794	17176	
751.823	17186	
751.852	17182	
751.881	17296	
751.91	17322	
751.938	17106	
751.967	17168	
751.996	17034	
752.025	16902	
752.054	17048	
752.083	16776	
752.112	16740	
752.14	16850	
752.169	16836	
752.198	16856	
752.227	17034	
752.256	16996	
752.285	16828	
752.314	16726	
752.342	16654	
752.371	16458	
752.4	16428	
752.429	16476	
752.458	16410	
752.487	16430	
752.516	16210	
752.544	16266	
752.573	16578	
752.602	16472	
752.631	16340	
752.66	16242	
752.689	16412	
752.717	16176	
752.746	16262	
752.775	16104	
752.804	16186	
752.833	15828	
752.862	15850	
752.89	15732	
752.919	15618	
752.948	15678	
752.977	15600	
753.006	15540	
753.034	15582	
753.063	15548	
753.092	15362	
753.121	15234	
753.15	15292	
753.179	15312	
753.207	15202	
753.236	15158	
753.265	15216	
753.294	15094	
753.323	15020	
753.351	15068	
753.38	14926	
753.409	14894	
753.438	14792	
753.467	14732	
753.495	14532	
753.524	14426	
753.553	14488	
753.582	14340	
753.611	14462	
753.639	14218	
753.668	14128	
753.697	14136	
753.726	14062	
753.755	13936	
753.783	13776	
753.812	13786	
753.841	13734	
753.87	13646	
753.899	13640	
753.927	13630	
753.956	13636	
753.985	13596	
754.014	13452	
754.042	13392	
754.071	13208	
754.1	13142	
754.129	13130	
754.158	13132	
754.186	12934	
754.215	12758	
754.244	12580	
754.273	12688	
754.301	12574	
754.33	12556	
754.359	12594	
754.388	12460	
754.416	12416	
754.445	12258	
754.474	12236	
754.503	12012	
754.531	12104	
754.56	11890	
754.589	11750	
754.618	11748	
754.646	11604	
754.675	11612	
754.704	11514	
754.733	11424	
754.761	11372	
754.79	11318	
754.819	11154	
754.848	11230	
754.876	11056	
754.905	10892	
754.934	10820	
754.963	10786	
754.991	10646	
755.02	10686	
755.049	10586	
755.078	10484	
755.106	10482	
755.135	10534	
755.164	10292	
755.193	10156	
755.221	10076	
755.25	9996	
755.279	9994	
755.307	9876	
755.336	9894	
755.365	9772	
755.394	9740	
755.422	9784	
755.451	9636	
755.48	9536	
755.508	9470	
755.537	9386	
755.566	9232	
755.595	9288	
755.623	9124	
755.652	9010	
755.681	9050	
755.709	8936	
755.738	8956	
755.767	8828	
755.796	8804	
755.824	8750	
755.853	8654	
755.882	8616	
755.91	8418	
755.939	8398	
755.968	8326	
755.996	8270	
756.025	8256	
756.054	8172	
756.083	8080	
756.111	8070	
756.14	8092	
756.169	7922	
756.197	7840	
756.226	7790	
756.255	7730	
756.283	7642	
756.312	7542	
756.341	7506	
756.369	7474	
756.398	7352	
756.427	7378	
756.455	7236	
756.484	7226	
756.513	7160	
756.541	7124	
756.57	6922	
756.599	6960	
756.627	6880	
756.656	6810	
756.685	6788	
756.713	6754	
756.742	6688	
756.771	6652	
756.799	6624	
756.828	6538	
756.857	6460	
756.885	6450	
756.914	6406	
756.943	6334	
756.971	6164	
757	6112	
757.029	6088	
757.057	6120	
757.086	6078	
757.115	5930	
757.143	5872	
757.172	5962	
757.201	5808	
757.229	5800	
757.258	5716	
757.286	5680	
757.315	5610	
757.344	5550	
757.372	5540	
757.401	5430	
757.43	5420	
757.458	5404	
757.487	5332	
757.516	5318	
757.544	5290	
757.573	5202	
757.601	5164	
757.63	5054	
757.659	5028	
757.687	4936	
757.716	4924	
757.745	4886	
757.773	4848	
757.802	4814	
757.83	4764	
757.859	4676	
757.888	4652	
757.916	4676	
757.945	4606	
757.973	4550	
758.002	4446	
758.031	4452	
758.059	4304	
758.088	4250	
758.116	4258	
758.145	4190	
758.174	4126	
758.202	4186	
758.231	4076	
758.259	4068	
758.288	4028	
758.317	4034	
758.345	3978	
758.374	3980	
758.402	3944	
758.431	3888	
758.46	3872	
758.488	3838	
758.517	3804	
758.545	3780	
758.574	3720	
758.603	3682	
758.631	3622	
758.66	3624	
758.688	3614	
758.717	3518	
758.745	3496	
758.774	3464	
758.803	3366	
758.831	3382	
758.86	3396	
758.888	3326	
758.917	3322	
758.945	3272	
758.974	3252	
759.003	3236	
759.031	3246	
759.06	3168	
759.088	3120	
759.117	3070	
759.145	3082	
759.174	2992	
759.203	3036	
759.231	2936	
759.26	2924	
759.288	2908	
759.317	2920	
759.345	2918	
759.374	2908	
759.402	2844	
759.431	2784	
759.459	2782	
759.488	2726	
759.517	2734	
759.545	2738	
759.574	2710	
759.602	2666	
759.631	2660	
759.659	2636	
759.688	2606	
759.716	2566	
759.745	2540	
759.773	2556	
759.802	2484	
759.83	2472	
759.859	2444	
759.888	2450	
759.916	2436	
759.945	2422	
759.973	2408	
760.002	2376	
760.03	2364	
760.059	2328	
760.087	2300	
760.116	2316	
760.144	2264	
760.173	2204	
760.201	2202	
760.23	2200	
760.258	2168	
760.287	2156	
760.315	2166	
760.344	2152	
760.372	2142	
760.401	2110	
760.429	2138	
760.458	2078	
760.486	2058	
760.515	2028	
760.543	2018	
760.572	2044	
760.6	1978	
760.629	1970	
760.657	1960	
760.686	1950	
760.714	1960	
760.743	1942	
760.771	1952	
760.8	1920	
760.828	1850	
760.857	1864	
760.885	1874	
760.914	1868	
760.942	1836	
760.971	1828	
760.999	1828	
761.028	1782	
761.056	1786	
761.085	1778	
761.113	1776	
761.142	1756	
761.17	1756	
761.198	1742	
761.227	1704	
761.255	1714	
761.284	1692	
761.312	1702	
761.341	1690	
761.369	1658	
761.398	1664	
761.426	1642	
761.455	1616	
761.483	1638	
761.512	1628	
761.54	1632	
761.568	1606	
761.597	1592	
761.625	1590	
761.654	1580	
761.682	1560	
761.711	1562	
761.739	1546	
761.768	1526	
761.796	1542	
761.825	1536	
761.853	1524	
761.881	1504	
761.91	1500	
761.938	1494	
761.967	1498	
761.995	1480	
762.024	1464	
762.052	1466	
762.08	1480	
762.109	1468	
762.137	1450	
762.166	1438	
762.194	1440	
762.223	1428	
762.251	1446	
762.279	1414	
762.308	1394	
762.336	1406	
762.365	1398	
762.393	1384	
762.422	1366	
762.45	1378	
762.478	1378	
762.507	1374	
762.535	1358	
762.564	1348	
762.592	1360	
762.62	1358	
762.649	1328	
762.677	1328	
762.706	1302	
762.734	1338	
762.762	1314	
762.791	1330	
762.819	1328	
762.848	1316	
762.876	1314	
762.904	1298	
762.933	1286	
762.961	1284	
762.99	1278	
763.018	1260	
763.046	1268	
763.075	1264	
763.103	1268	
763.132	1260	
763.16	1250	
763.188	1260	
763.217	1244	
763.245	1264	
763.273	1254	
763.302	1238	
763.33	1240	
763.359	1242	
763.387	1228	
763.415	1230	
763.444	1220	
763.472	1216	
763.5	1226	
763.529	1216	
763.557	1208	
763.586	1202	
763.614	1212	
763.642	1188	
763.671	1202	
763.699	1192	
763.727	1194	
763.756	1188	
763.784	1180	
763.812	1170	
763.841	1178	
763.869	1170	
763.897	1178	
763.926	1168	
763.954	1168	
763.983	1190	
764.011	1160	
764.039	1172	
764.068	1160	
764.096	1158	
764.124	1162	
764.153	1150	
764.181	1140	
764.209	1150	
764.238	1140	
764.266	1140	
764.294	1144	
764.323	1144	
764.351	1142	
764.379	1136	
764.408	1134	
764.436	1128	
764.464	1128	
764.493	1128	
764.521	1122	
764.549	1122	
764.578	1124	
764.606	1116	
764.634	1116	
764.662	1122	
764.691	1118	
764.719	1108	
764.747	1114	
764.776	1106	
764.804	1104	
764.832	1100	
764.861	1108	
764.889	1096	
764.917	1100	
764.946	1096	
764.974	1102	
765.002	1088	
765.031	1102	
765.059	1104	
765.087	1090	
765.115	1092	
765.144	1096	
765.172	1092	
765.2	1078	
765.229	1078	
765.257	1088	
765.285	1082	
765.313	1090	
765.342	1082	
765.37	1078	
765.398	1082	
765.427	1090	
765.455	1074	
765.483	1076	
765.511	1084	
765.54	1076	
765.568	1074	
765.596	1072	
765.625	1064	
765.653	1072	
765.681	1066	
765.709	1064	
765.738	1066	
765.766	1056	
765.794	1074	
765.822	1070	
765.851	1062	
765.879	1058	
765.907	1068	
765.935	1056	
765.964	1062	
765.992	1056	
766.02	1066	
766.049	1058	
766.077	1060	
766.105	1058	
766.133	1064	
766.162	1064	
766.19	1054	
766.218	1048	
766.246	1050	
766.275	1052	
766.303	1056	
766.331	1048	
766.359	1050	
766.387	1046	
766.416	1044	
766.444	1040	
766.472	1050	
766.5	1050	
766.529	1052	
766.557	1048	
766.585	1046	
766.613	1046	
766.642	1038	
766.67	1038	
766.698	1038	
766.726	1042	
766.754	1036	
766.783	1046	
766.811	1052	
766.839	1038	
766.867	1044	
766.896	1036	
766.924	1042	
766.952	1048	
766.98	1044	
767.008	1044	
767.037	1038	
767.065	1040	
767.093	1044	
767.121	1038	
767.149	1038	
767.178	1032	
767.206	1040	
767.234	1034	
767.262	1032	
767.291	1030	
767.319	1034	
767.347	1040	
767.375	1028	
767.403	1028	
767.431	1028	
767.46	1024	
767.488	1032	
767.516	1030	
767.544	1030	
767.572	1030	
767.601	1028	
767.629	1030	
767.657	1024	
767.685	1030	
767.713	1028	
767.742	1032	
767.77	1026	
767.798	1030	
767.826	1026	
767.854	1024	
767.882	1024	
767.911	1028	
767.939	1026	
767.967	1026	
767.995	1024	
768.023	1018	
768.051	1028	
768.08	1026	
768.108	1024	
768.136	1024	
768.164	1022	
768.192	1028	
768.22	1022	
768.249	1024	
768.277	1026	
768.305	1028	
768.333	1020	
768.361	1024	
768.389	1028	
768.417	1022	
768.446	1022	
768.474	1024	
768.502	1024	
768.53	1014	
768.558	1024	
768.586	1018	
768.614	1020	
768.643	1022	
768.671	1018	
768.699	1018	
768.727	1018	
768.755	1020	
768.783	1014	
768.811	1022	
768.84	1022	
768.868	1020	
768.896	1014	
768.924	1022	
768.952	1018	
768.98	1018	
769.008	1018	
769.036	1018	
769.065	1016	
769.093	1022	
769.121	1026	
769.149	1020	
769.177	1018	
769.205	1020	
769.233	1018	
769.261	1016	
769.289	1020	
769.318	1018	
769.346	1018	
769.374	1022	
769.402	1018	
769.43	1018	
769.458	1008	
769.486	1012	
769.514	1026	
769.542	1022	
769.57	1018	
769.599	1016	
769.627	1020	
769.655	1018	
769.683	1022	
769.711	1020	
769.739	1016	
769.767	1018	
769.795	1016	
769.823	1018	
769.851	1016	
769.879	1016	
769.908	1012	
769.936	1016	
769.964	1018	
769.992	1016	
770.02	1014	
770.048	1012	
770.076	1014	
770.104	1018	
770.132	1008	
770.16	1018	
770.188	1018	
770.216	1022	
770.244	1024	
770.272	1010	
770.301	1012	
770.329	1014	
770.357	1020	
770.385	1012	
770.413	1016	
770.441	1012	
770.469	1012	
770.497	1016	
770.525	1018	
770.553	1022	
770.581	1016	
770.609	1014	
770.637	1012	
770.665	1018	
770.693	1008	
770.721	1014	
770.749	1018	
770.777	1020	
770.805	1016	
770.833	1018	
770.861	1010	
770.89	1016	
770.918	1014	
770.946	1018	
770.974	1014	
771.002	1014	
771.03	1014	
771.058	1018	
771.086	1018	
771.114	1018	
771.142	1016	
771.17	1016	
771.198	1020	
771.226	1020	
771.254	1016	
771.282	1018	
771.31	1012	
771.338	1018	
771.366	1012	
771.394	1014	
771.422	1018	
771.45	1014	
771.478	1016	
771.506	1014	
771.534	1018	
771.562	1010	
771.59	1020	
771.618	1016	
771.646	1020	
771.674	1016	
771.702	1022	
771.73	1012	
771.758	1016	
771.786	1018	
771.814	1020	
771.842	1024	
771.87	1018	
771.898	1016	
771.926	1012	
771.954	1022	
771.982	1014	
772.01	1018	
772.038	1016	
772.066	1020	
772.094	1020	
772.122	1016	
772.15	1018	
772.178	1020	
772.206	1014	
772.234	1016	
772.262	1018	
772.29	1014	
772.318	1014	
772.346	1018	
772.374	1020	
772.402	1014	
772.43	1018	
772.457	1008	
772.485	1016	
772.513	1018	
772.541	1016	
772.569	1016	
772.597	1018	
772.625	1010	
772.653	1018	
772.681	1018	
772.709	1014	
772.737	1016	
772.765	1014	
772.793	1018	
772.821	1014	
772.849	1018	
772.877	1018	
772.905	1020	
772.933	1016	
772.961	1012	
772.989	1014	
773.016	1018	
773.044	1010	
773.072	1012	
773.1	1016	
773.128	1014	
773.156	1010	
773.184	1014	
773.212	1010	
773.24	1016	
773.268	1018	
773.296	1014	
773.324	1014	
773.352	1008	
773.38	1008	
773.407	1014	
773.435	1020	
773.463	1014	
773.491	1008	
773.519	1014	
773.547	1016	
773.575	1016	
773.603	1012	
773.631	1018	
773.659	1018	
773.687	1006	
773.714	1010	
773.742	1008	
773.77	1014	
773.798	1016	
773.826	1018	
773.854	1014	
773.882	1016	
773.91	1014	
773.938	1014	
773.966	1016	
773.993	1010	
774.021	1008	
774.049	1012	
774.077	1010	
774.105	1012	
774.133	1010	
774.161	1008	
774.189	1014	
774.217	1012	
774.244	1006	
774.272	1008	
774.3	1012	
774.328	1018	
774.356	1012	
774.384	1014	
774.412	1014	
774.44	1012	
774.467	1010	
774.495	1016	
774.523	1010	
774.551	1010	
774.579	1010	
774.607	1012	
774.635	1018	
774.662	1014	
774.69	1014	
774.718	1010	
774.746	1012	
774.774	1014	
774.802	1010	
774.83	1006	
774.857	1016	
774.885	1008	
774.913	1008	
774.941	1010	
774.969	1014	
774.997	1008	
775.025	1010	
775.052	1016	
775.08	1012	
775.108	1016	
775.136	1006	
775.164	1008	
775.192	1010	
775.219	1012	
775.247	1016	
775.275	1008	
775.303	1006	
775.331	1014	
775.359	1016	
775.386	1008	
775.414	1010	
775.442	1012	
775.47	1016	
775.498	1006	
775.526	1008	
775.553	1010	
775.581	1014	
775.609	1010	
775.637	1010	
775.665	1010	
775.692	1010	
775.72	1012	
775.748	1008	
775.776	1008	
775.804	1006	
775.831	1006	
775.859	1010	
775.887	1012	
775.915	1010	
775.943	1012	
775.97	1012	
775.998	1014	
776.026	1012	
776.054	1006	
776.082	1008	
776.109	1008	
776.137	1006	
776.165	1004	
776.193	1010	
776.221	1014	
776.248	1010	
776.276	1006	
776.304	1006	
776.332	1008	
776.36	1012	
776.387	1010	
776.415	1010	
776.443	1008	
776.471	1008	
776.498	1010	
776.526	1012	
776.554	1012	
776.582	1006	
776.609	1006	
776.637	1006	
776.665	1006	
776.693	1010	
776.721	1012	
776.748	1012	
776.776	1010	
776.804	1006	
776.832	1002	
776.859	1008	
776.887	1002	
776.915	1004	
776.943	1008	
776.97	1008	
776.998	1010	
777.026	1006	
777.054	1008	
777.081	1008	
777.109	1004	
777.137	1014	
777.165	1008	
777.192	1010	
777.22	1010	
777.248	1006	
777.276	1012	
777.303	1006	
777.331	1014	
777.359	1012	
777.386	1006	
777.414	1008	
777.442	1014	
777.47	1006	
777.497	1004	
777.525	1006	
777.553	1008	
777.581	1006	
777.608	1012	
777.636	1008	
777.664	1008	
777.691	1004	
777.719	1008	
777.747	1012	
777.775	1016	
777.802	1004	
777.83	1004	
777.858	1008	
777.885	1006	
777.913	1002	
777.941	1004	
777.969	1008	
777.996	1008	
778.024	1004	
778.052	1008	
778.079	1006	
778.107	1006	
778.135	1010	
778.162	1012	
778.19	1006	
778.218	1012	
778.246	1012	
778.273	1010	
778.301	1004	
778.329	1006	
778.356	1006	
778.384	1008	
778.412	1006	
778.439	1012	
778.467	1004	
778.495	1004	
778.522	1008	
778.55	1012	
778.578	1006	
778.605	1008	
778.633	1012	
778.661	1014	
778.688	1008	
778.716	1002	
778.744	1010	
778.771	1006	
778.799	1008	
778.827	1012	
778.854	1004	
778.882	1010	
778.91	1010	
778.937	1006	
778.965	1006	
778.993	1006	
779.02	1008	
779.048	1008	
779.076	1012	
779.103	1008	
779.131	1014	
779.159	1006	
779.186	1006	
779.214	1006	
779.242	1006	
779.269	1008	
779.297	1008	
779.324	1006	
779.352	1008	
779.38	1004	
779.407	1006	
779.435	1006	
779.463	1008	
779.49	1008	
779.518	1012	
779.546	1006	
779.573	1004	
779.601	1010	
779.628	1006	
779.656	1016	
779.684	1004	
779.711	1010	
779.739	1006	
779.767	1012	
779.794	1012	
779.822	1010	
779.849	1008	
779.877	1004	
779.905	1008	
779.932	1008	
779.96	1010	
779.987	1008	
780.015	1006	
780.043	1008	
780.07	1010	
780.098	1010	
780.125	1008	
780.153	1008	
780.181	1006	
780.208	1004	
780.236	1006	
780.263	1002	
780.291	1010	
780.319	1012	
780.346	1008	
780.374	1006	
780.401	1008	
780.429	1006	
780.457	1014	
780.484	1006	
780.512	1016	
780.539	1004	
780.567	1010	
780.594	1004	
780.622	1004	
780.65	1004	
780.677	1008	
780.705	1006	
780.732	1010	
780.76	1002	
780.787	1006	
780.815	1006	
780.843	1002	
780.87	1008	
780.898	1012	
780.925	1008	
780.953	1008	
780.98	1008	
781.008	1008	
781.036	1010	
781.063	1008	
781.091	1008	
781.118	1010	
781.146	1010	
781.173	1004	
781.201	1006	
781.228	1008	
781.256	1008	
781.283	1008	
781.311	1010	
781.339	1006	
781.366	1008	
781.394	1010	
781.421	1004	
781.449	1008	
781.476	1000	
781.504	1006	
781.531	1008	
781.559	1004	
781.586	1010	
781.614	1008	
781.641	1008	
781.669	1008	
781.696	1008	
781.724	1006	
781.752	1008	
781.779	1002	
781.807	1006	
781.834	1010	
781.862	1012	
781.889	1004	
781.917	1006	
781.944	1004	
781.972	1010	
781.999	1006	
782.027	1010	
782.054	1006	
782.082	1006	
782.109	1002	
782.137	1004	
782.164	1010	
782.192	1004	
782.219	1004	
782.247	1008	
782.274	1008	
782.302	1010	
782.329	1006	
782.357	1008	
782.384	1010	
782.412	1010	
782.439	1008	
782.467	1006	
782.494	1012	
782.522	1006	
782.549	1014	
782.577	1006	
782.604	1012	
782.632	1012	
782.659	1008	
782.687	1006	
782.714	1010	
782.741	1012	
782.769	1012	
782.796	1012	
782.824	1010	
782.851	1010	
782.879	1008	
782.906	1008	
782.934	1008	
782.961	1014	
782.989	1010	
783.016	1008	
783.044	1006	
783.071	1008	
783.098	1010	
783.126	1008	
783.153	1008	
783.181	1012	
783.208	1008	
783.236	1012	
783.263	1006	
783.291	1006	
783.318	1008	
783.346	1014	
783.373	1008	
783.4	1008	
783.428	1006	
783.455	1008	
783.483	1004	
783.51	1010	
783.538	1002	
783.565	1012	
783.592	1012	
783.62	1008	
783.647	1006	
783.675	1008	
783.702	1006	
783.73	1008	
783.757	1012	
783.784	1008	
783.812	1014	
783.839	1006	
783.867	1010	
783.894	1008	
783.922	1008	
783.949	1006	
783.976	1012	
784.004	1008	
784.031	1014	
784.059	1006	
784.086	1008	
784.113	1010	
784.141	1010	
784.168	1010	
784.196	1010	
784.223	1012	
784.25	1008	
784.278	1006	
784.305	1008	
784.333	1008	
784.36	1010	
784.387	1010	
784.415	1012	
784.442	1002	
784.47	1008	
784.497	1006	
784.524	1008	
784.552	1014	
784.579	1002	
784.607	1004	
784.634	1010	
784.661	1010	
784.689	1012	
784.716	1012	
784.743	1012	
784.771	1008	
784.798	1006	
784.826	1002	
784.853	1008	
784.88	1012	
784.908	1006	
784.935	1008	
784.962	1010	
784.99	1008	
785.017	1006	
785.045	1004	
785.072	1008	
785.099	1008	
785.127	1006	
785.154	1012	
785.181	1008	
785.209	1004	
785.236	1006	
785.263	1002	
785.291	1008	
785.318	1010	
785.345	1006	
785.373	1004	
785.4	1004	
785.427	1004	
785.455	1008	
785.482	1008	
785.509	1010	
785.537	1006	
785.564	1006	
785.591	1002	
785.619	1008	
785.646	1008	
