Wavelength (nm) - Plot 0	Amplitude (cts) - Plot 0	
426.28	1008	
426.313	1000	
426.347	998	
426.38	1002	
426.413	1006	
426.447	1002	
426.48	1000	
426.514	1006	
426.547	1008	
426.58	1014	
426.614	1004	
426.647	1012	
426.681	1004	
426.714	1010	
426.748	1004	
426.781	1004	
426.814	1008	
426.848	1004	
426.881	1006	
426.914	1006	
426.948	1008	
426.981	1002	
427.015	1008	
427.048	1008	
427.081	1004	
427.115	1000	
427.148	1010	
427.182	1004	
427.215	1006	
427.248	1002	
427.282	1010	
427.315	1016	
427.349	1002	
427.382	1004	
427.415	998	
427.449	1000	
427.482	1006	
427.515	1010	
427.549	1006	
427.582	1010	
427.616	1004	
427.649	1004	
427.682	1006	
427.716	1010	
427.749	1006	
427.782	1006	
427.816	1006	
427.849	1010	
427.883	1006	
427.916	1008	
427.949	1006	
427.983	1008	
428.016	1012	
428.049	1010	
428.083	1004	
428.116	1008	
428.15	1004	
428.183	1012	
428.216	1006	
428.25	1006	
428.283	1002	
428.316	1012	
428.35	1006	
428.383	1008	
428.416	1004	
428.45	1000	
428.483	1006	
428.517	1010	
428.55	1002	
428.583	1006	
428.617	1006	
428.65	1010	
428.683	1008	
428.717	1006	
428.75	1008	
428.783	1008	
428.817	1012	
428.85	1006	
428.883	1006	
428.917	1012	
428.95	1000	
428.983	1008	
429.017	1006	
429.05	1008	
429.083	1008	
429.117	1006	
429.15	1006	
429.183	1012	
429.217	1016	
429.25	1006	
429.283	1004	
429.317	1004	
429.35	1008	
429.384	1006	
429.417	1000	
429.45	1006	
429.483	1008	
429.517	1002	
429.55	1006	
429.583	1006	
429.617	1004	
429.65	1008	
429.683	1002	
429.717	1002	
429.75	1004	
429.783	1004	
429.817	1002	
429.85	1006	
429.883	1012	
429.917	1008	
429.95	1008	
429.983	1002	
430.017	1006	
430.05	1010	
430.083	1008	
430.117	1008	
430.15	1008	
430.183	1004	
430.217	1012	
430.25	1004	
430.283	1008	
430.317	1008	
430.35	1004	
430.383	1006	
430.416	1010	
430.45	1010	
430.483	1006	
430.516	1008	
430.55	1012	
430.583	1008	
430.616	1010	
430.65	1006	
430.683	1010	
430.716	1010	
430.75	1008	
430.783	1012	
430.816	1008	
430.849	1006	
430.883	1008	
430.916	1006	
430.949	1008	
430.983	1008	
431.016	1010	
431.049	1012	
431.082	1012	
431.116	1002	
431.149	1004	
431.182	1010	
431.216	1008	
431.249	1010	
431.282	1010	
431.315	1008	
431.349	1014	
431.382	1012	
431.415	1010	
431.449	1006	
431.482	1014	
431.515	1010	
431.548	1008	
431.582	1006	
431.615	1006	
431.648	1012	
431.682	1010	
431.715	1014	
431.748	1008	
431.781	1010	
431.815	1012	
431.848	1010	
431.881	1004	
431.914	1010	
431.948	1010	
431.981	1002	
432.014	1008	
432.048	1012	
432.081	1004	
432.114	1012	
432.147	1014	
432.181	1006	
432.214	1012	
432.247	1010	
432.28	1008	
432.314	1012	
432.347	1004	
432.38	1010	
432.413	1008	
432.447	1006	
432.48	1008	
432.513	1012	
432.546	1010	
432.58	1012	
432.613	1010	
432.646	1010	
432.679	1012	
432.713	1008	
432.746	1004	
432.779	1006	
432.812	1014	
432.846	1004	
432.879	1010	
432.912	1006	
432.945	1012	
432.979	1010	
433.012	1010	
433.045	1008	
433.078	1008	
433.112	1012	
433.145	1014	
433.178	1012	
433.211	1006	
433.245	1010	
433.278	1010	
433.311	1016	
433.344	1006	
433.378	1014	
433.411	1010	
433.444	1012	
433.477	1014	
433.51	1008	
433.544	1008	
433.577	1010	
433.61	1016	
433.643	1010	
433.677	1004	
433.71	1010	
433.743	1020	
433.776	1008	
433.81	1018	
433.843	1014	
433.876	1010	
433.909	1014	
433.942	1012	
433.976	1014	
434.009	1008	
434.042	1010	
434.075	1008	
434.108	1014	
434.142	1012	
434.175	1016	
434.208	1016	
434.241	1010	
434.275	1006	
434.308	1008	
434.341	1010	
434.374	1010	
434.407	1010	
434.441	1012	
434.474	1016	
434.507	1010	
434.54	1016	
434.573	1012	
434.607	1006	
434.64	1008	
434.673	1012	
434.706	1012	
434.739	1014	
434.773	1010	
434.806	1012	
434.839	1006	
434.872	1010	
434.905	1016	
434.939	1010	
434.972	1014	
435.005	1016	
435.038	1014	
435.071	1008	
435.105	1008	
435.138	1008	
435.171	1012	
435.204	1004	
435.237	1010	
435.27	1006	
435.304	1012	
435.337	1006	
435.37	1012	
435.403	1014	
435.436	1008	
435.47	1006	
435.503	1012	
435.536	1012	
435.569	1008	
435.602	1008	
435.635	1012	
435.669	1018	
435.702	1008	
435.735	1012	
435.768	1010	
435.801	1008	
435.834	1004	
435.868	1008	
435.901	1004	
435.934	1008	
435.967	1008	
436	1012	
436.033	1008	
436.067	1014	
436.1	1014	
436.133	1016	
436.166	1016	
436.199	1012	
436.232	1004	
436.266	1016	
436.299	1010	
436.332	1012	
436.365	1004	
436.398	1010	
436.431	1016	
436.464	1012	
436.498	1008	
436.531	1016	
436.564	1018	
436.597	1014	
436.63	1004	
436.663	1012	
436.697	1012	
436.73	1010	
436.763	1018	
436.796	1016	
436.829	1008	
436.862	1012	
436.895	1010	
436.929	1006	
436.962	1008	
436.995	1006	
437.028	1014	
437.061	1006	
437.094	1006	
437.127	1010	
437.161	1010	
437.194	1008	
437.227	1018	
437.26	1012	
437.293	1010	
437.326	1008	
437.359	1016	
437.392	1012	
437.426	1008	
437.459	1008	
437.492	1012	
437.525	1010	
437.558	1006	
437.591	1020	
437.624	1010	
437.657	1012	
437.691	1014	
437.724	1016	
437.757	1008	
437.79	1008	
437.823	1018	
437.856	1010	
437.889	1012	
437.922	1014	
437.955	1014	
437.989	1010	
438.022	1012	
438.055	1014	
438.088	1010	
438.121	1010	
438.154	1010	
438.187	1012	
438.22	1012	
438.253	1012	
438.287	1012	
438.32	1010	
438.353	1014	
438.386	1012	
438.419	1010	
438.452	996	
438.485	1012	
438.518	1012	
438.551	1012	
438.584	1008	
438.618	1012	
438.651	1008	
438.684	1012	
438.717	1012	
438.75	1008	
438.783	1010	
438.816	1010	
438.849	1014	
438.882	1010	
438.915	1010	
438.948	1012	
438.982	1010	
439.015	1012	
439.048	1010	
439.081	1014	
439.114	1012	
439.147	1006	
439.18	1010	
439.213	1010	
439.246	1008	
439.279	1008	
439.312	1008	
439.345	1006	
439.379	1010	
439.412	1016	
439.445	1012	
439.478	1008	
439.511	1008	
439.544	1016	
439.577	1014	
439.61	1010	
439.643	1012	
439.676	1010	
439.709	1014	
439.742	1008	
439.775	1010	
439.808	1006	
439.841	1010	
439.875	1010	
439.908	1012	
439.941	1014	
439.974	1002	
440.007	1012	
440.04	1014	
440.073	1012	
440.106	1010	
440.139	1014	
440.172	1014	
440.205	1008	
440.238	1006	
440.271	1004	
440.304	1012	
440.337	1012	
440.37	1016	
440.403	1010	
440.436	1012	
440.47	1012	
440.503	1008	
440.536	1012	
440.569	1002	
440.602	1008	
440.635	1008	
440.668	1012	
440.701	1022	
440.734	1012	
440.767	1010	
440.8	1008	
440.833	1012	
440.866	1016	
440.899	1010	
440.932	1018	
440.965	1010	
440.998	1016	
441.031	1012	
441.064	1016	
441.097	1018	
441.13	1014	
441.163	1010	
441.196	1014	
441.229	1012	
441.262	1018	
441.295	1012	
441.328	1010	
441.361	1016	
441.394	1016	
441.427	1018	
441.461	1018	
441.494	1006	
441.527	1016	
441.56	1012	
441.593	1014	
441.626	1010	
441.659	1024	
441.692	1014	
441.725	1010	
441.758	1012	
441.791	1018	
441.824	1022	
441.857	1012	
441.89	1018	
441.923	1016	
441.956	1020	
441.989	1014	
442.022	1018	
442.055	1020	
442.088	1018	
442.121	1020	
442.154	1016	
442.187	1024	
442.22	1018	
442.253	1024	
442.286	1018	
442.319	1018	
442.352	1022	
442.385	1024	
442.418	1022	
442.451	1022	
442.484	1020	
442.517	1024	
442.55	1022	
442.583	1020	
442.616	1024	
442.649	1024	
442.682	1026	
442.715	1028	
442.748	1024	
442.781	1030	
442.814	1026	
442.847	1022	
442.879	1020	
442.912	1026	
442.945	1022	
442.978	1022	
443.011	1026	
443.044	1024	
443.077	1014	
443.11	1032	
443.143	1018	
443.176	1026	
443.209	1024	
443.242	1028	
443.275	1022	
443.308	1016	
443.341	1018	
443.374	1032	
443.407	1022	
443.44	1024	
443.473	1022	
443.506	1028	
443.539	1020	
443.572	1016	
443.605	1026	
443.638	1018	
443.671	1024	
443.704	1026	
443.737	1020	
443.77	1016	
443.803	1020	
443.836	1022	
443.868	1022	
443.901	1022	
443.934	1022	
443.967	1022	
444	1026	
444.033	1026	
444.066	1030	
444.099	1024	
444.132	1028	
444.165	1032	
444.198	1032	
444.231	1030	
444.264	1036	
444.297	1036	
444.33	1042	
444.363	1034	
444.396	1036	
444.429	1032	
444.461	1044	
444.494	1048	
444.527	1054	
444.56	1056	
444.593	1050	
444.626	1058	
444.659	1068	
444.692	1068	
444.725	1064	
444.758	1074	
444.791	1086	
444.824	1084	
444.857	1094	
444.89	1102	
444.922	1104	
444.955	1106	
444.988	1100	
445.021	1120	
445.054	1128	
445.087	1130	
445.12	1144	
445.153	1150	
445.186	1160	
445.219	1158	
445.252	1176	
445.285	1170	
445.318	1184	
445.35	1194	
445.383	1192	
445.416	1224	
445.449	1216	
445.482	1222	
445.515	1238	
445.548	1250	
445.581	1250	
445.614	1262	
445.647	1278	
445.679	1304	
445.712	1292	
445.745	1318	
445.778	1320	
445.811	1328	
445.844	1356	
445.877	1350	
445.91	1380	
445.943	1372	
445.976	1390	
446.008	1420	
446.041	1422	
446.074	1426	
446.107	1446	
446.14	1452	
446.173	1474	
446.206	1484	
446.239	1492	
446.272	1518	
446.304	1526	
446.337	1534	
446.37	1542	
446.403	1564	
446.436	1578	
446.469	1570	
446.502	1592	
446.535	1606	
446.568	1642	
446.6	1646	
446.633	1658	
446.666	1692	
446.699	1722	
446.732	1706	
446.765	1766	
446.798	1772	
446.831	1798	
446.863	1786	
446.896	1810	
446.929	1818	
446.962	1858	
446.995	1848	
447.028	1878	
447.061	1906	
447.093	1914	
447.126	1964	
447.159	1924	
447.192	1976	
447.225	1978	
447.258	1998	
447.291	2026	
447.323	2040	
447.356	2048	
447.389	2082	
447.422	2090	
447.455	2112	
447.488	2120	
447.521	2152	
447.553	2152	
447.586	2174	
447.619	2186	
447.652	2192	
447.685	2212	
447.718	2234	
447.751	2284	
447.783	2310	
447.816	2304	
447.849	2318	
447.882	2324	
447.915	2348	
447.948	2406	
447.98	2384	
448.013	2432	
448.046	2440	
448.079	2444	
448.112	2462	
448.145	2506	
448.177	2524	
448.21	2500	
448.243	2568	
448.276	2542	
448.309	2614	
448.342	2616	
448.374	2616	
448.407	2624	
448.44	2636	
448.473	2676	
448.506	2690	
448.539	2692	
448.571	2696	
448.604	2716	
448.637	2728	
448.67	2760	
448.703	2766	
448.735	2810	
448.768	2774	
448.801	2816	
448.834	2790	
448.867	2820	
448.899	2830	
448.932	2840	
448.965	2856	
448.998	2856	
449.031	2868	
449.064	2888	
449.096	2886	
449.129	2866	
449.162	2876	
449.195	2936	
449.228	2882	
449.26	2934	
449.293	2890	
449.326	2882	
449.359	2924	
449.392	2912	
449.424	2874	
449.457	2906	
449.49	2886	
449.523	2854	
449.556	2868	
449.588	2844	
449.621	2866	
449.654	2870	
449.687	2874	
449.719	2862	
449.752	2804	
449.785	2766	
449.818	2754	
449.851	2818	
449.883	2752	
449.916	2706	
449.949	2706	
449.982	2742	
450.015	2684	
450.047	2612	
450.08	2628	
450.113	2612	
450.146	2546	
450.178	2532	
450.211	2514	
450.244	2472	
450.277	2470	
450.31	2422	
450.342	2458	
450.375	2356	
450.408	2360	
450.441	2344	
450.473	2316	
450.506	2232	
450.539	2226	
450.572	2192	
450.604	2164	
450.637	2146	
450.67	2118	
450.703	2086	
450.735	2026	
450.768	1972	
450.801	1946	
450.834	1962	
450.866	1936	
450.899	1882	
450.932	1826	
450.965	1808	
450.997	1812	
451.03	1758	
451.063	1748	
451.096	1706	
451.128	1680	
451.161	1644	
451.194	1644	
451.227	1600	
451.259	1578	
451.292	1552	
451.325	1528	
451.358	1488	
451.39	1452	
451.423	1468	
451.456	1420	
451.489	1426	
451.521	1396	
451.554	1382	
451.587	1356	
451.62	1338	
451.652	1310	
451.685	1324	
451.718	1288	
451.751	1272	
451.783	1264	
451.816	1246	
451.849	1232	
451.881	1228	
451.914	1200	
451.947	1198	
451.98	1188	
452.012	1176	
452.045	1162	
452.078	1156	
452.11	1150	
452.143	1128	
452.176	1138	
452.209	1122	
452.241	1120	
452.274	1098	
452.307	1112	
452.339	1096	
452.372	1084	
452.405	1076	
452.438	1078	
452.47	1070	
452.503	1068	
452.536	1064	
452.568	1054	
452.601	1060	
452.634	1060	
452.667	1052	
452.699	1050	
452.732	1042	
452.765	1040	
452.797	1042	
452.83	1038	
452.863	1032	
452.895	1030	
452.928	1040	
452.961	1030	
452.994	1026	
453.026	1030	
453.059	1026	
453.092	1026	
453.124	1028	
453.157	1030	
453.19	1028	
453.222	1026	
453.255	1022	
453.288	1018	
453.32	1028	
453.353	1018	
453.386	1026	
453.418	1018	
453.451	1018	
453.484	1018	
453.516	1018	
453.549	1018	
453.582	1018	
453.615	1016	
453.647	1020	
453.68	1016	
453.713	1018	
453.745	1014	
453.778	1018	
453.811	1016	
453.843	1010	
453.876	1018	
453.909	1010	
453.941	1014	
453.974	1012	
454.007	1010	
454.039	1016	
454.072	1014	
454.105	1012	
454.137	1016	
454.17	1014	
454.202	1014	
454.235	1018	
454.268	1010	
454.3	1016	
454.333	1014	
454.366	1014	
454.398	1020	
454.431	1016	
454.464	1014	
454.496	1016	
454.529	1016	
454.562	1016	
454.594	1014	
454.627	1018	
454.66	1020	
454.692	1012	
454.725	1012	
454.758	1020	
454.79	1014	
454.823	1022	
454.855	1018	
454.888	1020	
454.921	1014	
454.953	1014	
454.986	1014	
455.019	1014	
455.051	1012	
455.084	1020	
455.117	1020	
455.149	1012	
455.182	1016	
455.214	1016	
455.247	1016	
455.28	1012	
455.312	1014	
455.345	1016	
455.378	1018	
455.41	1018	
455.443	1018	
455.475	1016	
455.508	1014	
455.541	1018	
455.573	1016	
455.606	1012	
455.638	1016	
455.671	1016	
455.704	1016	
455.736	1014	
455.769	1016	
455.802	1010	
455.834	1018	
455.867	1010	
455.899	1020	
455.932	1010	
455.965	1012	
455.997	1012	
456.03	1010	
456.062	1014	
456.095	1014	
456.128	1018	
456.16	1010	
456.193	1014	
456.225	1012	
456.258	1014	
456.291	1012	
456.323	1014	
456.356	1014	
456.388	1020	
456.421	1012	
456.454	1006	
456.486	1014	
456.519	1010	
456.551	1018	
456.584	1010	
456.616	1014	
456.649	1012	
456.682	1012	
456.714	1008	
456.747	1014	
456.779	1010	
456.812	1016	
456.845	1016	
456.877	1018	
456.91	1014	
456.942	1016	
456.975	1020	
457.007	1008	
457.04	1010	
457.073	1016	
457.105	1010	
457.138	1010	
457.17	1014	
457.203	1010	
457.235	1014	
457.268	1012	
457.301	1018	
457.333	1016	
457.366	1020	
457.398	1016	
457.431	1014	
457.463	1014	
457.496	1012	
457.528	1012	
457.561	1016	
457.594	1012	
457.626	1020	
457.659	1012	
457.691	1014	
457.724	1014	
457.756	1012	
457.789	1022	
457.821	1016	
457.854	1016	
457.887	1008	
457.919	1014	
457.952	1014	
457.984	1014	
458.017	1018	
458.049	1008	
458.082	1018	
458.114	1014	
458.147	1014	
458.179	1008	
458.212	1014	
458.244	1016	
458.277	1016	
458.31	1016	
458.342	1014	
458.375	1016	
458.407	1014	
458.44	1010	
458.472	1014	
458.505	1016	
458.537	1014	
458.57	1008	
458.602	1016	
458.635	1012	
458.667	1014	
458.7	1016	
458.732	1018	
458.765	1014	
458.797	1010	
458.83	1016	
458.863	1012	
458.895	1014	
458.928	1014	
458.96	1016	
458.993	1014	
459.025	1016	
459.058	1014	
459.09	1016	
459.123	1008	
459.155	1014	
459.188	1014	
459.22	1014	
459.253	1018	
459.285	1018	
459.318	1014	
459.35	1012	
459.383	1020	
459.415	1018	
459.448	1018	
459.48	1012	
459.513	1016	
459.545	1010	
459.578	1014	
459.61	1018	
459.643	1020	
459.675	1016	
459.708	1014	
459.74	1022	
459.773	1022	
459.805	1014	
459.838	1018	
459.87	1020	
459.903	1014	
459.935	1020	
459.968	1018	
460	1020	
460.032	1020	
460.065	1016	
460.097	1022	
460.13	1016	
460.162	1018	
460.195	1020	
460.227	1018	
460.26	1034	
460.292	1024	
460.325	1022	
460.357	1030	
460.39	1026	
460.422	1030	
460.455	1030	
460.487	1030	
460.52	1036	
460.552	1032	
460.585	1036	
460.617	1034	
460.649	1032	
460.682	1040	
460.714	1032	
460.747	1044	
460.779	1032	
460.812	1046	
460.844	1050	
460.877	1054	
460.909	1050	
460.942	1050	
460.974	1046	
461.006	1054	
461.039	1054	
461.071	1056	
461.104	1066	
461.136	1072	
461.169	1066	
461.201	1064	
461.234	1066	
461.266	1066	
461.299	1068	
461.331	1070	
461.363	1076	
461.396	1076	
461.428	1078	
461.461	1082	
461.493	1082	
461.526	1086	
461.558	1084	
461.59	1086	
461.623	1084	
461.655	1090	
461.688	1092	
461.72	1090	
461.753	1100	
461.785	1104	
461.817	1090	
461.85	1102	
461.882	1104	
461.915	1118	
461.947	1120	
461.98	1124	
462.012	1122	
462.044	1128	
462.077	1120	
462.109	1116	
462.142	1124	
462.174	1138	
462.207	1116	
462.239	1132	
462.271	1138	
462.304	1142	
462.336	1148	
462.369	1144	
462.401	1142	
462.433	1154	
462.466	1156	
462.498	1170	
462.531	1158	
462.563	1182	
462.595	1180	
462.628	1196	
462.66	1194	
462.693	1200	
462.725	1210	
462.757	1218	
462.79	1228	
462.822	1222	
462.855	1238	
462.887	1248	
462.919	1264	
462.952	1270	
462.984	1282	
463.017	1284	
463.049	1302	
463.081	1302	
463.114	1310	
463.146	1332	
463.178	1352	
463.211	1344	
463.243	1370	
463.276	1374	
463.308	1392	
463.34	1392	
463.373	1406	
463.405	1434	
463.438	1424	
463.47	1450	
463.502	1456	
463.535	1462	
463.567	1490	
463.599	1506	
463.632	1510	
463.664	1528	
463.697	1546	
463.729	1566	
463.761	1554	
463.794	1578	
463.826	1608	
463.858	1598	
463.891	1618	
463.923	1628	
463.955	1644	
463.988	1646	
464.02	1674	
464.052	1666	
464.085	1706	
464.117	1724	
464.15	1720	
464.182	1710	
464.214	1738	
464.247	1736	
464.279	1750	
464.311	1756	
464.344	1788	
464.376	1792	
464.408	1804	
464.441	1812	
464.473	1832	
464.505	1844	
464.538	1814	
464.57	1854	
464.602	1844	
464.635	1872	
464.667	1878	
464.699	1886	
464.732	1916	
464.764	1908	
464.796	1914	
464.829	1942	
464.861	1952	
464.893	1934	
464.926	1954	
464.958	1988	
464.99	1988	
465.023	1982	
465.055	1986	
465.087	1992	
465.12	2022	
465.152	2034	
465.184	2044	
465.217	2040	
465.249	2040	
465.281	2068	
465.314	2064	
465.346	2062	
465.378	2098	
465.411	2090	
465.443	2090	
465.475	2110	
465.508	2150	
465.54	2120	
465.572	2138	
465.604	2162	
465.637	2168	
465.669	2182	
465.701	2184	
465.734	2216	
465.766	2174	
465.798	2204	
465.831	2242	
465.863	2228	
465.895	2248	
465.927	2262	
465.96	2274	
465.992	2276	
466.024	2312	
466.057	2300	
466.089	2312	
466.121	2320	
466.154	2330	
466.186	2332	
466.218	2348	
466.25	2362	
466.283	2388	
466.315	2402	
466.347	2426	
466.38	2394	
466.412	2408	
466.444	2412	
466.476	2412	
466.509	2420	
466.541	2438	
466.573	2450	
466.606	2464	
466.638	2440	
466.67	2490	
466.702	2512	
466.735	2480	
466.767	2508	
466.799	2490	
466.831	2540	
466.864	2544	
466.896	2592	
466.928	2582	
466.96	2608	
466.993	2644	
467.025	2618	
467.057	2632	
467.09	2642	
467.122	2608	
467.154	2628	
467.186	2630	
467.219	2716	
467.251	2690	
467.283	2736	
467.315	2684	
467.348	2744	
467.38	2716	
467.412	2782	
467.444	2776	
467.477	2780	
467.509	2796	
467.541	2836	
467.573	2822	
467.606	2848	
467.638	2866	
467.67	2902	
467.702	2884	
467.735	2912	
467.767	2906	
467.799	2950	
467.831	2944	
467.863	2992	
467.896	2962	
467.928	2974	
467.96	2966	
467.992	3004	
468.025	3048	
468.057	3044	
468.089	3040	
468.121	3158	
468.154	3086	
468.186	3054	
468.218	3108	
468.25	3136	
468.282	3126	
468.315	3116	
468.347	3148	
468.379	3150	
468.411	3118	
468.444	3116	
468.476	3116	
468.508	3144	
468.54	3090	
468.572	3162	
468.605	3094	
468.637	3088	
468.669	3112	
468.701	3104	
468.733	3072	
468.766	3024	
468.798	3084	
468.83	3020	
468.862	3042	
468.895	3042	
468.927	2994	
468.959	2988	
468.991	2950	
469.023	2930	
469.056	2972	
469.088	2910	
469.12	2886	
469.152	2850	
469.184	2860	
469.216	2822	
469.249	2784	
469.281	2774	
469.313	2740	
469.345	2732	
469.377	2670	
469.41	2602	
469.442	2582	
469.474	2608	
469.506	2556	
469.538	2516	
469.571	2458	
469.603	2450	
469.635	2410	
469.667	2368	
469.699	2342	
469.731	2314	
469.764	2266	
469.796	2222	
469.828	2228	
469.86	2176	
469.892	2134	
469.924	2120	
469.957	2102	
469.989	2066	
470.021	2006	
470.053	1990	
470.085	1944	
470.117	1938	
470.15	1892	
470.182	1880	
470.214	1846	
470.246	1814	
470.278	1784	
470.31	1752	
470.343	1710	
470.375	1704	
470.407	1680	
470.439	1638	
470.471	1622	
470.503	1606	
470.535	1582	
470.568	1534	
470.6	1546	
470.632	1516	
470.664	1474	
470.696	1462	
470.728	1460	
470.761	1428	
470.793	1404	
470.825	1398	
470.857	1394	
470.889	1372	
470.921	1358	
470.953	1330	
470.985	1330	
471.018	1316	
471.05	1282	
471.082	1280	
471.114	1270	
471.146	1262	
471.178	1232	
471.21	1250	
471.243	1218	
471.275	1218	
471.307	1202	
471.339	1200	
471.371	1198	
471.403	1186	
471.435	1166	
471.467	1164	
471.5	1152	
471.532	1152	
471.564	1144	
471.596	1140	
471.628	1136	
471.66	1128	
471.692	1122	
471.724	1112	
471.756	1112	
471.789	1110	
471.821	1106	
471.853	1094	
471.885	1092	
471.917	1092	
471.949	1098	
471.981	1078	
472.013	1074	
472.045	1076	
472.077	1070	
472.11	1070	
472.142	1064	
472.174	1060	
472.206	1068	
472.238	1054	
472.27	1074	
472.302	1062	
472.334	1050	
472.366	1052	
472.398	1052	
472.43	1040	
472.463	1046	
472.495	1048	
472.527	1042	
472.559	1042	
472.591	1038	
472.623	1034	
472.655	1036	
472.687	1038	
472.719	1036	
472.751	1036	
472.783	1038	
472.815	1034	
472.848	1026	
472.88	1034	
472.912	1030	
472.944	1030	
472.976	1030	
473.008	1030	
473.04	1026	
473.072	1026	
473.104	1028	
473.136	1026	
473.168	1030	
473.2	1022	
473.232	1032	
473.264	1024	
473.296	1024	
473.329	1024	
473.361	1024	
473.393	1022	
473.425	1022	
473.457	1018	
473.489	1022	
473.521	1028	
473.553	1026	
473.585	1028	
473.617	1020	
473.649	1024	
473.681	1018	
473.713	1018	
473.745	1024	
473.777	1016	
473.809	1020	
473.841	1022	
473.873	1020	
473.905	1016	
473.937	1014	
473.969	1016	
474.001	1024	
474.034	1014	
474.066	1018	
474.098	1024	
474.13	1024	
474.162	1016	
474.194	1018	
474.226	1016	
474.258	1020	
474.29	1014	
474.322	1012	
474.354	1018	
474.386	1014	
474.418	1016	
474.45	1018	
474.482	1020	
474.514	1012	
474.546	1016	
474.578	1018	
474.61	1018	
474.642	1018	
474.674	1020	
474.706	1018	
474.738	1018	
474.77	1022	
474.802	1018	
474.834	1016	
474.866	1020	
474.898	1016	
474.93	1016	
474.962	1020	
474.994	1022	
475.026	1014	
475.058	1018	
475.09	1016	
475.122	1020	
475.154	1018	
475.186	1016	
475.218	1014	
475.25	1020	
475.282	1014	
475.314	1016	
475.346	1014	
475.378	1010	
475.41	1018	
475.442	1012	
475.474	1016	
475.506	1012	
475.538	1016	
475.57	1018	
475.602	1022	
475.634	1012	
475.666	1016	
475.698	1010	
475.73	1014	
475.762	1012	
475.794	1022	
475.826	1014	
475.858	1018	
475.89	1020	
475.922	1018	
475.954	1018	
475.986	1014	
476.018	1014	
476.05	1016	
476.082	1014	
476.114	1018	
476.145	1010	
476.177	1024	
476.209	1016	
476.241	1012	
476.273	1016	
476.305	1016	
476.337	1016	
476.369	1020	
476.401	1014	
476.433	1012	
476.465	1012	
476.497	1010	
476.529	1018	
476.561	1016	
476.593	1016	
476.625	1018	
476.657	1010	
476.689	1016	
476.721	1016	
476.753	1010	
476.785	1016	
476.816	1012	
476.848	1016	
476.88	1010	
476.912	1018	
476.944	1014	
476.976	1012	
477.008	1010	
477.04	1008	
477.072	1016	
477.104	1012	
477.136	1012	
477.168	1014	
477.2	1020	
477.232	1012	
477.264	1016	
477.295	1014	
477.327	1010	
477.359	1008	
477.391	1018	
477.423	1018	
477.455	1012	
477.487	1012	
477.519	1010	
477.551	1012	
477.583	1012	
477.615	1018	
477.647	1016	
477.678	1014	
477.71	1016	
477.742	1014	
477.774	1014	
477.806	1020	
477.838	1018	
477.87	1014	
477.902	1016	
477.934	1012	
477.966	1012	
477.998	1008	
478.029	1014	
478.061	1016	
478.093	1014	
478.125	1020	
478.157	1012	
478.189	1012	
478.221	1012	
478.253	1018	
478.285	1020	
478.317	1014	
478.348	1008	
478.38	1014	
478.412	1022	
478.444	1014	
478.476	1014	
478.508	1014	
478.54	1016	
478.572	1014	
478.603	1014	
478.635	1016	
478.667	1014	
478.699	1016	
478.731	1014	
478.763	1014	
478.795	1018	
478.827	1014	
478.858	1014	
478.89	1016	
478.922	1018	
478.954	1008	
478.986	1016	
479.018	1014	
479.05	1018	
479.082	1010	
479.113	1018	
479.145	1012	
479.177	1014	
479.209	1014	
479.241	1016	
479.273	1012	
479.305	1014	
479.336	1016	
479.368	1012	
479.4	1016	
479.432	1014	
479.464	1018	
479.496	1010	
479.528	1012	
479.559	1020	
479.591	1008	
479.623	1014	
479.655	1018	
479.687	1012	
479.719	1012	
479.75	1012	
479.782	1018	
479.814	1004	
479.846	1016	
479.878	1012	
479.91	1016	
479.942	1012	
479.973	1016	
480.005	1018	
480.037	1010	
480.069	1012	
480.101	1014	
480.132	1020	
480.164	1016	
480.196	1006	
480.228	1016	
480.26	1020	
480.292	1016	
480.323	1012	
480.355	1014	
480.387	1012	
480.419	1014	
480.451	1012	
480.483	1014	
480.514	1016	
480.546	1012	
480.578	1012	
480.61	1010	
480.642	1016	
480.673	1014	
480.705	1014	
480.737	1010	
480.769	1008	
480.801	1016	
480.832	1014	
480.864	1012	
480.896	1010	
480.928	1014	
480.96	1008	
480.991	1010	
481.023	1012	
481.055	1016	
481.087	1018	
481.119	1016	
481.15	1014	
481.182	1020	
481.214	1018	
481.246	1008	
481.278	1014	
481.309	1014	
481.341	1016	
481.373	1010	
481.405	1014	
481.437	1016	
481.468	1014	
481.5	1010	
481.532	1006	
481.564	1014	
481.595	1012	
481.627	1018	
481.659	1012	
481.691	1016	
481.723	1014	
481.754	1008	
481.786	1014	
481.818	1016	
481.85	1014	
481.881	1018	
481.913	1008	
481.945	1012	
481.977	1022	
482.008	1016	
482.04	1012	
482.072	1018	
482.104	1016	
482.135	1014	
482.167	1020	
482.199	1008	
482.231	1018	
482.263	1018	
482.294	1014	
482.326	1012	
482.358	1016	
482.39	1010	
482.421	1016	
482.453	1014	
482.485	1016	
482.517	1016	
482.548	1010	
482.58	1018	
482.612	1014	
482.643	1008	
482.675	1012	
482.707	1010	
482.739	1016	
482.77	1018	
482.802	1012	
482.834	1014	
482.866	1010	
482.897	1014	
482.929	1008	
482.961	1016	
482.993	1014	
483.024	1016	
483.056	1018	
483.088	1012	
483.119	1018	
483.151	1010	
483.183	1012	
483.215	1014	
483.246	1016	
483.278	1020	
483.31	1018	
483.342	1012	
483.373	1014	
483.405	1018	
483.437	1010	
483.468	1014	
483.5	1018	
483.532	1022	
483.564	1014	
483.595	1008	
483.627	1014	
483.659	1010	
483.69	1008	
483.722	1014	
483.754	1010	
483.785	1006	
483.817	1020	
483.849	1016	
483.881	1014	
483.912	1012	
483.944	1016	
483.976	1012	
484.007	1016	
484.039	1012	
484.071	1018	
484.102	1010	
484.134	1014	
484.166	1014	
484.197	1020	
484.229	1014	
484.261	1014	
484.293	1016	
484.324	1014	
484.356	1016	
484.388	1014	
484.419	1018	
484.451	1014	
484.483	1016	
484.514	1008	
484.546	1016	
484.578	1020	
484.609	1018	
484.641	1010	
484.673	1022	
484.704	1020	
484.736	1016	
484.768	1018	
484.799	1016	
484.831	1014	
484.863	1006	
484.894	1014	
484.926	1012	
484.958	1016	
484.989	1014	
485.021	1012	
485.053	1012	
485.084	1016	
485.116	1018	
485.148	1016	
485.179	1014	
485.211	1010	
485.243	1018	
485.274	1016	
485.306	1014	
485.337	1016	
485.369	1016	
485.401	1010	
485.432	1012	
485.464	1014	
485.496	1014	
485.527	1016	
485.559	1014	
485.591	1016	
485.622	1010	
485.654	1014	
485.686	1018	
485.717	1016	
485.749	1010	
485.78	1024	
485.812	1016	
485.844	1010	
485.875	1012	
485.907	1016	
485.939	1014	
485.97	1010	
486.002	1012	
486.033	1016	
486.065	1016	
486.097	1020	
486.128	1014	
486.16	1010	
486.192	1010	
486.223	1014	
486.255	1014	
486.286	1012	
486.318	1010	
486.35	1014	
486.381	1014	
486.413	1012	
486.444	1016	
486.476	1016	
486.508	1016	
486.539	1014	
486.571	1020	
486.602	1006	
486.634	1014	
486.666	1016	
486.697	1014	
486.729	1014	
486.76	1018	
486.792	1016	
486.824	1014	
486.855	1012	
486.887	1014	
486.918	1012	
486.95	1012	
486.982	1016	
487.013	1010	
487.045	1014	
487.076	1014	
487.108	1012	
487.14	1010	
487.171	1016	
487.203	1016	
487.234	1012	
487.266	1018	
487.297	1008	
487.329	1018	
487.361	1010	
487.392	1016	
487.424	1012	
487.455	1020	
487.487	1012	
487.518	1016	
487.55	1012	
487.582	1014	
487.613	1010	
487.645	1020	
487.676	1010	
487.708	1016	
487.739	1018	
487.771	1012	
487.803	1014	
487.834	1016	
487.866	1020	
487.897	1016	
487.929	1016	
487.96	1018	
487.992	1012	
488.023	1016	
488.055	1012	
488.087	1014	
488.118	1016	
488.15	1016	
488.181	1012	
488.213	1020	
488.244	1014	
488.276	1010	
488.307	1014	
488.339	1016	
488.37	1018	
488.402	1012	
488.433	1016	
488.465	1016	
488.497	1018	
488.528	1010	
488.56	1014	
488.591	1020	
488.623	1016	
488.654	1014	
488.686	1022	
488.717	1014	
488.749	1014	
488.78	1018	
488.812	1018	
488.843	1016	
488.875	1010	
488.906	1012	
488.938	1018	
488.969	1010	
489.001	1010	
489.032	1008	
489.064	1016	
489.096	1020	
489.127	1014	
489.159	1016	
489.19	1018	
489.222	1014	
489.253	1016	
489.285	1012	
489.316	1012	
489.348	1018	
489.379	1016	
489.411	1016	
489.442	1018	
489.474	1016	
489.505	1010	
489.537	1022	
489.568	1016	
489.6	1012	
489.631	1016	
489.663	1014	
489.694	1014	
489.726	1016	
489.757	1016	
489.789	1016	
489.82	1016	
489.851	1016	
489.883	1012	
489.914	1016	
489.946	1014	
489.977	1008	
490.009	1016	
490.04	1018	
490.072	1020	
490.103	1012	
490.135	1018	
490.166	1014	
490.198	1010	
490.229	1020	
490.261	1018	
490.292	1016	
490.324	1014	
490.355	1016	
490.387	1014	
490.418	1012	
490.449	1020	
490.481	1012	
490.512	1018	
490.544	1012	
490.575	1018	
490.607	1010	
490.638	1016	
490.67	1016	
490.701	1016	
490.733	1012	
490.764	1018	
490.796	1008	
490.827	1014	
490.858	1016	
490.89	1012	
490.921	1016	
490.953	1012	
490.984	1020	
491.016	1014	
491.047	1012	
491.079	1014	
491.11	1012	
491.141	1008	
491.173	1012	
491.204	1010	
491.236	1022	
491.267	1010	
491.299	1016	
491.33	1018	
491.361	1016	
491.393	1014	
491.424	1014	
491.456	1014	
491.487	1014	
491.519	1016	
491.55	1018	
491.581	1016	
491.613	1010	
491.644	1014	
491.676	1014	
491.707	1018	
491.739	1018	
491.77	1012	
491.801	1014	
491.833	1012	
491.864	1014	
491.896	1014	
491.927	1014	
491.958	1012	
491.99	1014	
492.021	1014	
492.053	1018	
492.084	1014	
492.115	1014	
492.147	1014	
492.178	1014	
492.21	1014	
492.241	1014	
492.272	1016	
492.304	1018	
492.335	1014	
492.367	1016	
492.398	1018	
492.429	1012	
492.461	1018	
492.492	1010	
492.524	1010	
492.555	1012	
492.586	1012	
492.618	1018	
492.649	1012	
492.681	1016	
