969.999999999999999	0.000002726000000
970.399999999999976	0.000002403000000
970.799999999999954	0.000002589000000
971.200000000000044	0.000000130500000
971.600000000000022	0.000001119000000
971.999999999999999	0.000000000001000
972.399999999999976	0.000002659000000
972.799999999999954	0.000000000001000
973.200000000000044	0.000000000001000
973.600000000000022	0.000000000001000
973.999999999999999	0.000000000001000
974.399999999999976	0.000000684700000
974.799999999999954	0.000002017000000
975.200000000000044	0.000001644000000
975.600000000000022	0.000002022000000
975.999999999999999	0.000000000001000
976.399999999999976	0.000003020000000
976.799999999999954	0.000000314700000
977.200000000000044	0.000002144000000
977.600000000000022	0.000000272000000
977.999999999999999	0.000001752000000
978.399999999999976	0.000003158000000
978.799999999999954	0.000000000001000
979.200000000000044	0.000003486000000
979.600000000000022	0.000000000001000
979.999999999999999	0.000000940000000
980.399999999999976	0.000000000001000
980.799999999999954	0.000002851000000
981.200000000000044	0.000000521800000
981.600000000000022	0.000003773000000
981.999999999999999	0.000000000001000
982.399999999999976	0.000001029000000
982.799999999999954	0.000001096000000
983.200000000000044	0.000000000001000
983.600000000000022	0.000002025000000
983.999999999999999	0.000000000001000
984.399999999999976	0.000000347800000
984.799999999999954	0.000000678500000
985.200000000000044	0.000000626800000
985.600000000000022	0.000000000001000
985.999999999999999	0.000000000001000
986.399999999999976	0.000000000001000
986.799999999999954	0.000000000001000
987.200000000000044	0.000000000001000
987.600000000000022	0.000000000001000
987.999999999999999	0.000002346000000
988.399999999999976	0.000000778100000
988.799999999999954	0.000000000001000
989.200000000000044	0.000001284000000
989.600000000000022	0.000001182000000
989.999999999999999	0.000000000001000
990.399999999999976	0.000000569600000
990.799999999999954	0.000003039000000
991.200000000000044	0.000000815700000
991.600000000000022	0.000000000001000
991.999999999999999	0.000000000001000
992.399999999999976	0.000001533000000
992.799999999999954	0.000002084000000
993.200000000000044	0.000004684000000
993.600000000000022	0.000001079000000
993.999999999999999	0.000001895000000
994.399999999999976	0.000002358000000
994.799999999999954	0.000003657000000
995.200000000000044	0.000000032340000
995.600000000000022	0.000003215000000
995.999999999999999	0.000002078000000
996.399999999999976	0.000003516000000
996.799999999999954	0.000002218000000
997.200000000000044	0.000002084000000
997.600000000000022	0.000001186000000
997.999999999999999	0.000003012000000
998.399999999999976	0.000001842000000
998.799999999999954	0.000003696000000
999.200000000000044	0.000000000001000
999.600000000000022	0.000000000001000
1000.000000000000000	0.000000153500000
1000.399999999999980	0.000000580100000
1000.799999999999950	0.000000021650000
1001.200000000000040	0.000002063000000
1001.600000000000020	0.000002799000000
1002.000000000000000	0.000000000001000
1002.399999999999980	0.000006165000000
1002.799999999999950	0.000008199000000
1003.200000000000040	0.000010090000000
1003.600000000000020	0.000017690000000
1004.000000000000000	0.000025210000000
1004.399999999999980	0.000032400000000
1004.799999999999950	0.000036170000000
1005.200000000000040	0.000041220000000
1005.600000000000020	0.000050970000000
1006.000000000000000	0.000054890000000
1006.399999999999980	0.000060540000000
1006.799999999999950	0.000066230000000
1007.200000000000040	0.000074820000000
1007.600000000000020	0.000076810000000
1008.000000000000000	0.000088150000000
1008.399999999999980	0.000098770000000
1008.799999999999950	0.000109500000000
1009.200000000000040	0.000134300000000
1009.600000000000020	0.000151100000000
1010.000000000000000	0.000175200000000
1010.399999999999980	0.000210700000000
1010.799999999999950	0.000247100000000
1011.200000000000040	0.000291000000000
1011.600000000000020	0.000351600000000
1012.000000000000000	0.000399100000000
1012.399999999999980	0.000460900000000
1012.799999999999950	0.000529600000000
1013.200000000000040	0.000581900000000
1013.600000000000020	0.000662800000000
1014.000000000000000	0.000727200000000
1014.399999999999980	0.000773000000000
1014.799999999999950	0.000857000000000
1015.200000000000040	0.000921400000000
1015.600000000000020	0.000999800000000
1016.000000000000000	0.001096000000000
1016.399999999999980	0.001160000000000
1016.799999999999950	0.001250000000000
1017.200000000000040	0.001331000000000
1017.600000000000020	0.001377000000000
1018.000000000000000	0.001437000000000
1018.399999999999980	0.001472000000000
1018.799999999999950	0.001475000000000
1019.200000000000040	0.001509000000000
1019.600000000000020	0.001499000000000
1020.000000000000000	0.001520000000000
1020.399999999999980	0.001497000000000
1020.799999999999950	0.001469000000000
1021.200000000000040	0.001395000000000
1021.600000000000020	0.001302000000000
1022.000000000000000	0.001187000000000
1022.399999999999980	0.001080000000000
1022.799999999999950	0.000927700000000
1023.200000000000040	0.000790300000000
1023.600000000000020	0.000630400000000
1024.000000000000000	0.000481300000000
1024.400000000000090	0.000373200000000
1024.799999999999950	0.000284800000000
1025.200000000000040	0.000214500000000
1025.599999999999910	0.000163700000000
1026.000000000000000	0.000120400000000
1026.400000000000090	0.000080300000000
1026.799999999999950	0.000055070000000
1027.200000000000040	0.000039160000000
1027.599999999999910	0.000029060000000
1028.000000000000000	0.000019230000000
1028.400000000000090	0.000012950000000
1028.799999999999950	0.000008539000000
1029.200000000000040	0.000006519000000
1029.599999999999910	0.000001902000000
1030.000000000000000	0.000001751000000
1030.400000000000090	0.000001536000000
1030.799999999999950	0.000002572000000
1031.200000000000040	0.000001933000000
1031.599999999999910	0.000000000001000
1032.000000000000000	0.000002635000000
1032.400000000000090	0.000000000001000
1032.799999999999950	0.000000000001000
1033.200000000000040	0.000002853000000
1033.599999999999910	0.000001215000000
1034.000000000000000	0.000000000001000
1034.400000000000090	0.000002094000000
1034.799999999999950	0.000000000001000
1035.200000000000040	0.000000000001000
1035.599999999999910	0.000000000001000
1036.000000000000000	0.000001226000000
1036.400000000000090	0.000000000001000
1036.799999999999950	0.000002347000000
1037.200000000000040	0.000001348000000
1037.599999999999910	0.000000000001000
1038.000000000000000	0.000001595000000
1038.400000000000090	0.000000000001000
1038.799999999999950	0.000000572600000
1039.200000000000040	0.000000796800000
1039.599999999999910	0.000000650500000
1040.000000000000000	0.000002630000000
1040.400000000000090	0.000001199000000
1040.799999999999950	0.000001779000000
1041.200000000000040	0.000000511000000
1041.599999999999910	0.000000675200000
1042.000000000000000	0.000000000001000
1042.400000000000090	0.000000000001000
1042.799999999999950	0.000000176900000
1043.200000000000040	0.000000000001000
1043.599999999999910	0.000001192000000
1044.000000000000000	0.000001413000000
1044.400000000000090	0.000000000001000
1044.799999999999950	0.000000000001000
1045.200000000000040	0.000000000001000
1045.599999999999910	0.000002046000000
1046.000000000000000	0.000000000001000
1046.400000000000090	0.000000420800000
1046.799999999999950	0.000000955000000
1047.200000000000040	0.000000000001000
1047.599999999999910	0.000001090000000
1048.000000000000000	0.000001507000000
1048.400000000000090	0.000000000001000
1048.799999999999950	0.000001819000000
1049.200000000000040	0.000000909100000
1049.599999999999910	0.000001958000000
1050.000000000000000	0.000000000001000
1050.400000000000090	0.000000000001000
1050.799999999999950	0.000003101000000
1051.200000000000040	0.000000000001000
1051.599999999999910	0.000000000001000
1052.000000000000000	0.000000000001000
1052.400000000000090	0.000000000001000
1052.799999999999950	0.000000000001000
1053.200000000000040	0.000002950000000
1053.599999999999910	0.000000000001000
1054.000000000000000	0.000000000001000
1054.400000000000090	0.000001817000000
1054.799999999999950	0.000000000001000
1055.200000000000040	0.000000620900000
1055.599999999999910	0.000001691000000
1056.000000000000000	0.000001533000000
1056.400000000000090	0.000000000001000
1056.799999999999950	0.000000326500000
1057.200000000000040	0.000000000001000
1057.599999999999910	0.000001708000000
1058.000000000000000	0.000001310000000
1058.400000000000090	0.000000868500000
1058.799999999999950	0.000000000001000
1059.200000000000040	0.000003593000000
1059.599999999999910	0.000002228000000
1060.000000000000000	0.000000229900000
1060.400000000000090	0.000000000001000
1060.799999999999950	0.000002362000000
1061.200000000000040	0.000000422700000
1061.599999999999910	0.000002555000000
1062.000000000000000	0.000005507000000
1062.400000000000090	0.000001132000000
1062.799999999999950	0.000000522300000
1063.200000000000040	0.000000000001000
1063.599999999999910	0.000000000001000
1064.000000000000000	0.000001842000000
1064.400000000000090	0.000001717000000
1064.799999999999950	0.000000239600000
1065.200000000000040	0.000000000001000
1065.599999999999910	0.000000256200000
1066.000000000000000	0.000001028000000
1066.400000000000090	0.000001620000000
1066.799999999999950	0.000000000001000
1067.200000000000040	0.000002479000000
1067.599999999999910	0.000000644400000
1068.000000000000000	0.000001935000000
1068.400000000000090	0.000004836000000
1068.799999999999950	0.000000000001000
1069.200000000000040	0.000000828400000
1069.599999999999910	0.000001949000000
1070.000000000000000	0.000000000001000
1070.400000000000090	0.000000486600000
1070.799999999999950	0.000000616000000
1071.200000000000040	0.000001795000000
1071.599999999999910	0.000001250000000
1072.000000000000000	0.000001317000000
1072.400000000000090	0.000000000001000
1072.799999999999950	0.000000000001000
1073.200000000000040	0.000000000001000
1073.599999999999910	0.000002793000000
1074.000000000000000	0.000001389000000
1074.400000000000090	0.000001985000000
1074.799999999999950	0.000000239900000
1075.200000000000040	0.000000000001000
1075.599999999999910	0.000001743000000
1076.000000000000000	0.000000000001000
1076.400000000000090	0.000003922000000
1076.799999999999950	0.000000000001000
1077.200000000000040	0.000001599000000
1077.599999999999910	0.000001631000000
1078.000000000000000	0.000001843000000
1078.400000000000090	0.000000880700000
1078.799999999999950	0.000000000001000
1079.200000000000040	0.000000000001000
1079.599999999999910	0.000002692000000
1080.000000000000000	0.000001217000000
1080.400000000000090	0.000000000001000
1080.799999999999950	0.000001404000000
1081.200000000000040	0.000000000001000
1081.599999999999910	0.000000000001000
1082.000000000000000	0.000000000001000
1082.400000000000090	0.000001703000000
1082.799999999999950	0.000002648000000
1083.200000000000040	0.000000000001000
1083.599999999999910	0.000000000001000
1084.000000000000000	0.000002759000000
1084.400000000000090	0.000001941000000
1084.799999999999950	0.000000000001000
1085.200000000000040	0.000000000001000
1085.599999999999910	0.000000000001000
1086.000000000000000	0.000000000001000
1086.400000000000090	0.000000660500000
1086.799999999999950	0.000004630000000
1087.200000000000040	0.000000000001000
1087.599999999999910	0.000000000001000
1088.000000000000000	0.000003416000000
1088.400000000000090	0.000004827000000
1088.799999999999950	0.000006047000000
1089.200000000000040	0.000008943000000
1089.599999999999910	0.000011140000000
1090.000000000000000	0.000019580000000
1090.400000000000090	0.000028940000000
1090.799999999999950	0.000038330000000
1091.200000000000040	0.000043930000000
1091.599999999999910	0.000064430000000
1092.000000000000000	0.000083220000000
1092.400000000000090	0.000111500000000
1092.799999999999950	0.000152100000000
1093.200000000000040	0.000195100000000
1093.599999999999910	0.000228100000000
1094.000000000000000	0.000276800000000
1094.400000000000090	0.000332200000000
1094.799999999999950	0.000408300000000
1095.200000000000040	0.000480300000000
1095.599999999999910	0.000551700000000
1096.000000000000000	0.000625200000000
1096.400000000000090	0.000673300000000
1096.799999999999950	0.000709300000000
1097.200000000000040	0.000745000000000
1097.599999999999910	0.000790500000000
1098.000000000000000	0.000849400000000
1098.400000000000090	0.000906900000000
1098.799999999999950	0.000939900000000
1099.200000000000040	0.000955200000000
1099.599999999999910	0.000951300000000
1100.000000000000000	0.000947900000000
1100.400000000000090	0.000956700000000
1100.799999999999950	0.000987000000000
1101.200000000000040	0.001012000000000
1101.599999999999910	0.001018000000000
1102.000000000000000	0.001010000000000
1102.400000000000090	0.000978200000000
1102.799999999999950	0.000957300000000
1103.200000000000040	0.000956900000000
1103.599999999999910	0.000978200000000
1104.000000000000000	0.000993000000000
1104.400000000000090	0.001001000000000
1104.799999999999950	0.000994700000000
1105.200000000000040	0.000960900000000
1105.599999999999910	0.000918800000000
1106.000000000000000	0.000907600000000
1106.400000000000090	0.000907200000000
1106.799999999999950	0.000918200000000
1107.200000000000040	0.000922900000000
1107.599999999999910	0.000897000000000
1108.000000000000000	0.000840200000000
1108.400000000000090	0.000816900000000
1108.799999999999950	0.000796000000000
1109.200000000000040	0.000800800000000
1109.599999999999910	0.000825300000000
1110.000000000000000	0.000836400000000
1110.400000000000090	0.000819200000000
1110.799999999999950	0.000793700000000
1111.200000000000040	0.000747900000000
1111.599999999999910	0.000772800000000
1112.000000000000000	0.000767700000000
1112.400000000000090	0.000781100000000
1112.799999999999950	0.000792500000000
1113.200000000000040	0.000789700000000
1113.599999999999910	0.000769200000000
1114.000000000000000	0.000789300000000
1114.400000000000090	0.000773300000000
1114.799999999999950	0.000789400000000
1115.200000000000040	0.000737600000000
1115.599999999999910	0.000924500000000
1116.000000000000000	0.000900500000000
1116.400000000000090	0.000844400000000
1116.799999999999950	0.000863500000000
1117.200000000000040	0.000848300000000
1117.599999999999910	0.000999800000000
1118.000000000000000	0.000963100000000
1118.400000000000090	0.000836900000000
1118.799999999999950	0.000998400000000
1119.200000000000040	0.000992100000000
1119.599999999999910	0.001120000000000
1120.000000000000000	0.000866000000000
1120.400000000000090	0.000611100000000
1120.799999999999950	0.001175000000000
1121.200000000000040	0.001124000000000
1121.599999999999910	0.001247000000000
1122.000000000000000	0.000836600000000
1122.400000000000090	0.000647600000000
1122.799999999999950	0.000650500000000
1123.200000000000040	0.001270000000000
1123.599999999999910	0.000937500000000
1124.000000000000000	0.001430000000000
1124.400000000000090	0.001275000000000
1124.799999999999950	0.001285000000000
1125.200000000000040	0.001124000000000
1125.599999999999910	0.000734000000000
1126.000000000000000	0.001054000000000
1126.400000000000090	0.000946900000000
1126.799999999999950	0.000894400000000
1127.200000000000040	0.000870000000000
1127.599999999999910	0.000761500000000
1128.000000000000000	0.000527700000000
1128.400000000000090	0.000586100000000
1128.799999999999950	0.000493100000000
1129.200000000000040	0.000416600000000
1129.599999999999910	0.000380700000000
1130.000000000000000	0.000281700000000
1130.400000000000090	0.000252600000000
1130.799999999999950	0.000210000000000
1131.200000000000040	0.000174600000000
1131.599999999999910	0.000131900000000
1132.000000000000000	0.000114400000000
1132.400000000000090	0.000093690000000
1132.799999999999950	0.000082500000000
1133.200000000000040	0.000074140000000
1133.599999999999910	0.000056310000000
1134.000000000000000	0.000050460000000
1134.400000000000090	0.000041640000000
1134.799999999999950	0.000026640000000
1135.200000000000040	0.000023440000000
1135.599999999999910	0.000020220000000
1136.000000000000000	0.000020440000000
1136.400000000000090	0.000015040000000
1136.799999999999950	0.000012400000000
1137.200000000000040	0.000008947000000
1137.599999999999910	0.000006686000000
1138.000000000000000	0.000006680000000
1138.400000000000090	0.000007888000000
1138.799999999999950	0.000006460000000
1139.200000000000040	0.000006070000000
1139.599999999999910	0.000006967000000
1140.000000000000000	0.000005707000000
1140.400000000000090	0.000005152000000
1140.799999999999950	0.000004048000000
1141.200000000000040	0.000002688000000
1141.599999999999910	0.000005401000000
1142.000000000000000	0.000002774000000
1142.400000000000090	0.000005393000000
1142.799999999999950	0.000003889000000
1143.200000000000040	0.000000615600000
1143.599999999999910	0.000002199000000
1144.000000000000000	0.000003606000000
1144.400000000000090	0.000001226000000
1144.799999999999950	0.000006198000000
1145.200000000000040	0.000002813000000
1145.599999999999910	0.000001853000000
1146.000000000000000	0.000001052000000
1146.400000000000090	0.000000000001000
1146.799999999999950	0.000001106000000
1147.200000000000040	0.000000000001000
1147.599999999999910	0.000000000001000
1148.000000000000000	0.000000000001000
1148.400000000000090	0.000001780000000
1148.799999999999950	0.000002398000000
1149.200000000000040	0.000001213000000
1149.599999999999910	0.000000306100000
1150.000000000000000	0.000000000001000
1150.400000000000090	0.000001354000000
1150.799999999999950	0.000002214000000
1151.200000000000040	0.000000000001000
1151.599999999999910	0.000001023000000
1152.000000000000000	0.000003289000000
1152.400000000000090	0.000000000001000
1152.799999999999950	0.000000465000000
1153.200000000000040	0.000000000001000
1153.599999999999910	0.000002247000000
1154.000000000000000	0.000000000001000
1154.400000000000090	0.000000000001000
1154.799999999999950	0.000000000001000
1155.200000000000040	0.000001004000000
1155.599999999999910	0.000002869000000
1156.000000000000000	0.000000093370000
1156.400000000000090	0.000000193800000
1156.799999999999950	0.000000302000000
1157.200000000000040	0.000001164000000
1157.599999999999910	0.000000000001000
1158.000000000000000	0.000000003938000
1158.400000000000090	0.000000000001000
1158.799999999999950	0.000001485000000
1159.200000000000040	0.000000000001000
1159.599999999999910	0.000000575800000
1160.000000000000000	0.000000000001000
1160.400000000000090	0.000003577000000
1160.799999999999950	0.000000836800000
1161.200000000000040	0.000000000001000
1161.599999999999910	0.000000000001000
1162.000000000000000	0.000000000001000
1162.400000000000090	0.000000898600000
1162.799999999999950	0.000000000001000
1163.200000000000040	0.000000000001000
1163.599999999999910	0.000000000001000
1164.000000000000000	0.000003505000000
1164.400000000000090	0.000000000001000
1164.799999999999950	0.000000601100000
1165.200000000000040	0.000001015000000
1165.599999999999910	0.000000644800000
1166.000000000000000	0.000000077120000
1166.400000000000090	0.000000000001000
1166.799999999999950	0.000002496000000
1167.200000000000040	0.000000406900000
1167.599999999999910	0.000000815100000
1168.000000000000000	0.000001878000000
1168.400000000000090	0.000000000001000
1168.799999999999950	0.000001515000000
1169.200000000000040	0.000000231800000
1169.599999999999910	0.000000000001000
1170.000000000000000	0.000003677000000
